1.000000000000000000e+01 1.000000000000000000e+00
1.242424242424242387e+01 5.454221827772033349e-01
1.484848484848484773e+01 3.311111672189641641e-01
1.727272727272727337e+01 2.169132637827421717e-01
1.969696969696969546e+01 1.503911499128236795e-01
2.212121212121212110e+01 1.089400444771512488e-01
2.454545454545454675e+01 8.171178581405699748e-02
2.696969696969696884e+01 6.304828164849611560e-02
2.939393939393939448e+01 4.980305376950366208e-02
3.181818181818182012e+01 4.012319020271153114e-02
3.424242424242424221e+01 3.287418540982924714e-02
3.666666666666667140e+01 2.732839628538193469e-02
3.909090909090909349e+01 2.300744133489071933e-02
4.151515151515151558e+01 1.958663718933371933e-02
4.393939393939393767e+01 1.684178064729297333e-02
4.636363636363636687e+01 1.461270776579317449e-02
4.878787878787878896e+01 1.278343451099406801e-02
5.121212121212121104e+01 1.126628734485232014e-02
5.363636363636364024e+01 9.997716398105540095e-03
5.606060606060606233e+01 8.928033050888923433e-03
5.848484848484848442e+01 8.019217853318275774e-03
6.090909090909091361e+01 7.241623423100612689e-03
6.333333333333333570e+01 6.572012905846722625e-03
6.575757575757575069e+01 5.992083555819091752e-03
6.818181818181818699e+01 5.487073197672183607e-03
7.060606060606060908e+01 5.045037598486304398e-03
7.303030303030303116e+01 4.656208751129300473e-03
7.545454545454545325e+01 4.312593928810022799e-03
7.787878787878787534e+01 4.007570801307111172e-03
8.030303030303031164e+01 3.735645016689795924e-03
8.272727272727273373e+01 3.492265721001393177e-03
8.515151515151515582e+01 3.273636977222371073e-03
8.757575757575757791e+01 3.076568452887710851e-03
9.000000000000000000e+01 2.898335199299285556e-03
9.242424242424242209e+01 2.736648919699112819e-03
9.484848484848484418e+01 2.589522982188230838e-03
9.727272727272728048e+01 2.455301809560364069e-03
9.969696969696970257e+01 2.332538313363770582e-03
1.021212121212121247e+02 2.219957571524162031e-03
1.045454545454545467e+02 2.116456138002222997e-03
1.069696969696969688e+02 2.021077862296866753e-03
1.093939393939393909e+02 1.933009760072706452e-03
1.118181818181818272e+02 1.851485803955607535e-03
1.142424242424242493e+02 1.775881532546589496e-03
1.166666666666666714e+02 1.705631917369012989e-03
1.190909090909090935e+02 1.640229279258944954e-03
1.215151515151515156e+02 1.579247518985073435e-03
1.239393939393939377e+02 1.522284340820851409e-03
1.263636363636363740e+02 1.468989277629868719e-03
1.287878787878788103e+02 1.419051871448467807e-03
1.312121212121212182e+02 1.372189029983627564e-03
1.336363636363636260e+02 1.328142739414872250e-03
1.360606060606060623e+02 1.286704277048062936e-03
1.384848484848484986e+02 1.247657104425780629e-03
1.409090909090909065e+02 1.210824913525555217e-03
1.433333333333333428e+02 1.176025436022502205e-03
1.457575757575757507e+02 1.143125285984685846e-03
1.481818181818181870e+02 1.111963033948880483e-03
1.506060606060606233e+02 1.082439931993052105e-03
1.530303030303030312e+02 1.054422825737997681e-03
1.554545454545454675e+02 1.027822982302074818e-03
1.578787878787878753e+02 1.002534041034104954e-03
1.603030303030303116e+02 9.784667891332592734e-04
1.627272727272727195e+02 9.555508484895214793e-04
1.651515151515151558e+02 9.336968596882586503e-04
1.675757575757575921e+02 9.128528109830778055e-04
1.700000000000000000e+02 8.929511169148500981e-04
1.724242424242424363e+02 8.739232526656167017e-04
1.748484848484848442e+02 8.557364825565933787e-04
1.772727272727272805e+02 8.383294995399902813e-04
1.796969696969696884e+02 8.216497646690486007e-04
1.821212121212121247e+02 8.056746586721811806e-04
1.845454545454545610e+02 7.903482861390305090e-04
1.869696969696969688e+02 7.756359156927011313e-04
1.893939393939394051e+02 7.615155644056496474e-04
1.918181818181818130e+02 7.479470490150859352e-04
1.942424242424242493e+02 7.348942216717776555e-04
1.966666666666666856e+02 7.223425296933282114e-04
1.990909090909090935e+02 7.102644463568785977e-04
2.015151515151515298e+02 6.986277922013543794e-04
2.039393939393939377e+02 6.874132198680355616e-04
2.063636363636363740e+02 6.766051008975999988e-04
2.087878787878787818e+02 6.661812348624294826e-04
2.112121212121212182e+02 6.561160592742515136e-04
2.136363636363636545e+02 6.463976160536280850e-04
2.160606060606060623e+02 6.370154237083623400e-04
2.184848484848484986e+02 6.279517582702058131e-04
2.209090909090909065e+02 6.191864254844872467e-04
2.233333333333333428e+02 6.107040730848177111e-04
2.257575757575757507e+02 6.025033498897826214e-04
2.281818181818181870e+02 5.945677717963985479e-04
2.306060606060606233e+02 5.868830128579437255e-04
2.330303030303030312e+02 5.794353266156865344e-04
2.354545454545454675e+02 5.722182051437728345e-04
2.378787878787878753e+02 5.652263731554275092e-04
2.403030303030303116e+02 5.584486077299092742e-04
2.427272727272727479e+02 5.518730729148985450e-04
2.451515151515151558e+02 5.454897585366302306e-04
2.475757575757575921e+02 5.392904255522016537e-04
2.500000000000000000e+02 5.332751581045045786e-04
